21/02/2003 5864 33 106 97.68
22/02/2003 5826 75 107 96.97
23/02/2003 5826 75 107 96.97
24/02/2003 5777 75 107 96.95
25/02/2003 5850 15 96 98.14
26/02/2003 5850 15 96 98.14
27/02/2003 5850 15 96 98.14
28/02/2003 5850 15 96 98.14
01/03/2003 5850 15 96 98.14
02/03/2003 5850 15 96 98.14
03/03/2003 5850 15 96 98.14
04/03/2003 5850 15 96 98.14
05/03/2003 5850 15 96 98.14
06/03/2003 5849 21 96 98.04
07/03/2003 5849 21 96 98.04
08/03/2003 5855 19 95 98.09
09/03/2003 5855 19 95 98.09
10/03/2003 5855 19 96 98.07
11/03/2003 5855 19 96 98.07
12/03/2003 5855 19 96 98.07
13/03/2003 5855 19 96 98.07
14/03/2003 5854 20 96 98.06
15/03/2003 5875 6 89 98.41
16/03/2003 5874 7 89 98.39
17/03/2003 5874 7 89 98.39
18/03/2003 5874 7 89 98.39
19/03/2003 5871 7 89 98.39
20/03/2003 5871 7 89 98.39
21/03/2003 5871 7 89 98.39
22/03/2003 5871 8 92 98.33
23/03/2003 5871 7 89 98.39
24/03/2003 5871 7 89 98.39
25/03/2003 5871 7 89 98.39
26/03/2003 5870 7 89 98.39
27/03/2003 5870 7 89 98.39
28/03/2003 5872 6 89 98.41
29/03/2003 5872 6 89 98.41
30/03/2003 5872 6 89 98.41
31/03/2003 5852 22 111 97.78
01/04/2003 5851 25 111 97.73
02/04/2003 5851 25 111 97.73
03/04/2003 5851 25 111 97.73
04/04/2003 5850 27 116 97.61
05/04/2003 5850 28 116 97.60
06/04/2003 5850 28 116 97.60
07/04/2003 5850 28 116 97.60
08/04/2003 5850 28 116 97.60
09/04/2003 5846 28 116 97.60
10/04/2003 5846 28 117 97.58
11/04/2003 5803 67 106 97.11
12/04/2003 5792 71 108 97.00
13/04/2003 5792 74 114 96.86
14/04/2003 5792 74 114 96.86
15/04/2003 5792 82 126 96.53
16/04/2003 5792 82 128 96.50
17/04/2003 5791 85 129 96.44
18/04/2003 5791 85 129 96.44
19/04/2003 5791 87 129 96.40
20/04/2003 5791 87 135 96.31
21/04/2003 5791 88 135 96.29
22/04/2003 5781 94 134 96.21
23/04/2003 5846 36 139 97.09
24/04/2003 5846 36 139 97.09
25/04/2003 5845 36 139 97.09
26/04/2003 5845 36 139 97.09
27/04/2003 5925 6 89 98.42
28/04/2003 5925 6 89 98.42
29/04/2003 5925 6 89 98.42
30/04/2003 5925 6 89 98.42
01/05/2003 5809 106 103 96.53
02/05/2003 5559 333 104 92.71
04/05/2003 5559 333 104 92.71
05/05/2003 5559 333 104 92.71
06/05/2003 5558 350 189 91.16
07/05/2003 5558 350 189 91.16
08/05/2003 5553 352 189 91.12
09/05/2003 5553 353 189 91.11
10/05/2003 5553 354 188 91.11
11/05/2003 5553 356 189 91.06
12/05/2003 5551 358 190 91.01
13/05/2003 5779 133 189 94.72
14/05/2003 5779 132 189 94.74
15/05/2003 5777 135 190 94.67
16/05/2003 5774 142 191 94.55
17/05/2003 5774 142 191 94.55
18/05/2003 5774 142 191 94.55
19/05/2003 5966 70 73 97.66
20/05/2003 5966 70 73 97.66
21/05/2003 5966 70 73 97.66
22/05/2003 5966 70 73 97.66
23/05/2003 5963 79 79 97.42
24/05/2003 5962 79 79 97.42
25/05/2003 5962 79 79 97.42
26/05/2003 5972 95 106 96.74
27/05/2003 5972 95 106 96.74
28/05/2003 5972 95 106 96.74
29/05/2003 5972 95 106 96.74
30/05/2003 5972 95 106 96.74
31/05/2003 5972 97 107 96.70
01/06/2003 5974 97 107 96.70
02/06/2003 5972 100 107 96.65
03/06/2003 5971 100 108 96.63
04/06/2003 5971 101 108 96.62
05/06/2003 5959 108 110 96.47
06/06/2003 5955 115 113 96.31
07/06/2003 5965 112 111 96.40
08/06/2003 5964 113 111 96.38
09/06/2003 5964 113 111 96.38
10/06/2003 5962 114 113 96.33
11/06/2003 5962 114 113 96.33
12/06/2003 5962 114 114 96.32
13/06/2003 5962 115 114 96.30
14/06/2003 5967 113 111 96.38
15/06/2003 5967 113 111 96.38
16/06/2003 5967 113 111 96.38
17/06/2003 5967 113 111 96.38
18/06/2003 5968 114 112 96.35
19/06/2003 5968 114 112 96.35
20/06/2003 5968 114 112 96.35
21/06/2003 5968 114 112 96.35
22/06/2003 5968 114 112 96.35
23/06/2003 5971 116 113 96.31
24/06/2003 5972 118 114 96.26
25/06/2003 5972 118 114 96.26
26/06/2003 5972 118 114 96.26
27/06/2003 5756 408 255 89.67
28/06/2003 5756 408 255 89.67
29/06/2003 5756 408 255 89.67
30/06/2003 5756 408 255 89.67
01/07/2003 5756 408 255 89.67
02/07/2003 5756 408 255 89.67
03/07/2003 5756 408 255 89.67
04/07/2003 5756 408 255 89.67
05/07/2003 5756 408 257 89.64
06/07/2003 5755 413 257 89.57
07/07/2003 5753 416 257 89.53
08/07/2003 6035 284 198 92.60
09/07/2003 6035 284 198 92.60
10/07/2003 6035 284 198 92.60
11/07/2003 6035 284 198 92.60
12/07/2003 6035 284 200 92.58
13/07/2003 6035 287 202 92.50
14/07/2003 6035 287 202 92.50
15/07/2003 6035 287 202 92.50
16/07/2003 5835 411 224 90.19
17/07/2003 5834 417 230 90.02
18/07/2003 5841 427 216 90.08
19/07/2003 5841 427 216 90.08
20/07/2003 5841 432 216 90.01
21/07/2003 5979 310 200 92.14
22/07/2003 5979 310 200 92.14
23/07/2003 5978 309 200 92.15
24/07/2003 5977 310 200 92.14
25/07/2003 6112 215 160 94.22
26/07/2003 6139 197 151 94.64
27/07/2003 6139 197 151 94.64
28/07/2003 6139 197 151 94.64
29/07/2003 6139 197 151 94.64
30/07/2003 6139 197 151 94.64
31/07/2003 6137 201 153 94.55
01/08/2003 6134 219 154 94.27
02/08/2003 6119 235 154 94.02
03/08/2003 6119 235 154 94.02
04/08/2003 6117 237 154 93.99
05/08/2003 6117 238 158 93.92
06/08/2003 6117 238 158 93.92
07/08/2003 6117 238 159 93.91
08/08/2003 6117 238 159 93.91
09/08/2003 6132 227 161 94.05
10/08/2003 6132 227 161 94.05
11/08/2003 6119 250 163 93.68
12/08/2003 6110 253 164 93.61
13/08/2003 6109 255 164 93.58
14/08/2003 6109 255 164 93.58
15/08/2003 6109 255 164 93.58
16/08/2003 6109 255 164 93.58
20/08/2003 6109 256 164 93.57
21/08/2003 6224 157 152 95.27
22/08/2003 6225 237 304 92.00
23/08/2003 6224 241 304 91.95
24/08/2003 6223 244 304 91.91
25/08/2003 6222 245 305 91.88
26/08/2003 6222 245 305 91.88
27/08/2003 6222 245 305 91.88
28/08/2003 6222 245 305 91.88
29/08/2003 6222 245 305 91.88
30/08/2003 6222 245 305 91.88
31/08/2003 6326 220 235 93.29
01/09/2003 6326 220 235 93.29
02/09/2003 6326 225 250 93.02
03/09/2003 6325 225 250 93.01
04/09/2003 6325 225 250 93.01
05/09/2003 6325 225 250 93.01
06/09/2003 6395 176 244 93.84
07/09/2003 6395 176 244 93.84
08/09/2003 6394 177 244 93.82
09/09/2003 6448 154 214 94.60
10/09/2003 6512 143 183 95.23
11/09/2003 6512 143 183 95.23
12/09/2003 6512 145 183 95.20
13/09/2003 6512 145 183 95.20
14/09/2003 6509 155 183 95.06
15/09/2003 6571 113 165 95.94
16/09/2003 6571 113 165 95.94
17/09/2003 6571 113 165 95.94
18/09/2003 6571 113 165 95.94
19/09/2003 6571 114 165 95.93
20/09/2003 6571 114 165 95.93
21/09/2003 6571 114 165 95.93
22/09/2003 6571 114 165 95.93
23/09/2003 6569 204 337 92.39
24/09/2003 6569 204 337 92.39
25/09/2003 6569 204 337 92.39
26/09/2003 6568 204 337 92.39
27/09/2003 6551 215 337 92.23
28/09/2003 6551 215 337 92.23
29/09/2003 6547 220 337 92.16
30/09/2003 6546 221 337 92.15
01/10/2003 6546 221 313 92.46
02/10/2003 6546 221 313 92.46
03/10/2003 6546 221 313 92.46
