16/04/2004 3547 6 5 99.69
17/04/2004 3548 5 5 99.72
18/04/2004 3548 5 5 99.72
19/04/2004 3549 4 5 99.75
20/04/2004 3547 14 24 98.94
21/04/2004 3547 14 24 98.94
22/04/2004 3547 14 24 98.94
23/04/2004 3547 14 24 98.94
24/04/2004 3546 15 24 98.91
25/04/2004 3546 15 24 98.91
26/04/2004 3546 15 24 98.91
27/04/2004 3546 15 24 98.91
28/04/2004 3547 14 24 98.94
29/04/2004 3547 14 24 98.94
30/04/2004 3547 14 24 98.94
01/05/2004 3547 14 24 98.94
02/05/2004 3547 14 24 98.94
03/05/2004 3545 16 24 98.88
04/05/2004 3545 16 24 98.88
05/05/2004 3545 16 24 98.88
06/05/2004 3545 16 24 98.88
07/05/2004 3545 16 24 98.88
08/05/2004 3545 16 24 98.88
09/05/2004 3545 16 24 98.88
10/05/2004 3545 16 24 98.88
11/05/2004 3545 16 24 98.88
12/05/2004 3545 16 24 98.88
13/05/2004 3545 16 24 98.88
14/05/2004 3545 16 24 98.88
15/05/2004 3545 16 24 98.88
16/05/2004 3545 16 24 98.88
17/05/2004 3545 16 24 98.88
18/05/2004 3545 16 24 98.88
19/05/2004 3545 16 24 98.88
20/05/2004 3545 16 24 98.88
21/05/2004 3545 16 24 98.88
22/05/2004 3545 16 24 98.88
23/05/2004 3545 16 24 98.88
24/05/2004 3545 16 24 98.88
25/05/2004 3545 16 24 98.88
26/05/2004 3545 16 24 98.88
27/05/2004 3545 16 24 98.88
28/05/2004 3545 16 24 98.88
29/05/2004 3545 16 24 98.88
30/05/2004 3545 16 24 98.88
31/05/2004 3542 19 24 98.80
01/06/2004 3542 19 24 98.80
02/06/2004 3542 19 24 98.80
03/06/2004 3542 24 24 98.66
04/06/2004 3542 24 24 98.66
05/06/2004 3542 24 24 98.66
06/06/2004 3542 24 24 98.66
07/06/2004 3542 24 24 98.66
08/06/2004 3542 24 24 98.66
09/06/2004 3542 24 24 98.66
10/06/2004 3542 24 24 98.66
11/06/2004 3542 24 24 98.66
12/06/2004 3542 24 24 98.66
13/06/2004 3542 24 24 98.66
14/06/2004 3542 24 24 98.66
15/06/2004 3542 24 24 98.66
16/06/2004 3542 24 24 98.66
17/06/2004 3542 24 24 98.66
18/06/2004 3541 24 24 98.66
19/06/2004 3541 24 24 98.66
20/06/2004 3541 24 24 98.66
21/06/2004 3541 24 24 98.66
22/06/2004 3541 25 28 98.53
23/06/2004 3541 25 28 98.53
24/06/2004 3541 25 28 98.53
25/06/2004 3541 25 30 98.47
26/06/2004 3541 25 30 98.47
27/06/2004 3541 25 30 98.47
28/06/2004 3541 25 30 98.47
29/06/2004 3541 25 30 98.47
30/06/2004 3541 25 30 98.47
01/07/2004 3541 25 30 98.47
02/07/2004 3541 25 30 98.47
03/07/2004 3541 25 30 98.47
04/07/2004 3541 28 31 98.36
05/07/2004 3541 28 40 98.12
06/07/2004 3583 11 15 99.28
07/07/2004 3583 11 16 99.25
08/07/2004 3592 11 7 99.50
09/07/2004 3591 11 8 99.47
10/07/2004 3591 11 8 99.47
11/07/2004 3591 19 28 98.71
12/07/2004 3592 19 27 98.74
13/07/2004 3592 19 27 98.74
14/07/2004 3593 18 27 98.76
15/07/2004 3593 18 27 98.76
16/07/2004 3621 11 7 99.51
17/07/2004 3621 12 7 99.48
18/07/2004 3621 12 7 99.48
19/07/2004 3622 12 6 99.51
20/07/2004 3622 12 6 99.51
21/07/2004 3622 12 7 99.48
22/07/2004 3621 14 8 99.40
23/07/2004 3622 17 23 98.91
24/07/2004 3622 17 23 98.91
25/07/2004 3590 49 33 97.77
26/07/2004 3590 49 33 97.77
27/07/2004 3590 49 33 97.77
28/07/2004 3590 49 33 97.77
29/07/2004 3590 49 33 97.77
30/07/2004 3590 49 33 97.77
31/07/2004 3590 49 33 97.77
01/08/2004 3590 49 33 97.77
02/08/2004 3590 49 33 97.77
03/08/2004 3590 49 33 97.77
04/08/2004 3591 49 32 97.79
05/08/2004 3591 49 32 97.79
06/08/2004 3591 49 32 97.79
07/08/2004 3591 49 32 97.79
08/08/2004 3584 56 32 97.60
09/08/2004 3584 56 32 97.60
10/08/2004 3584 56 32 97.60
11/08/2004 3584 56 32 97.60
12/08/2004 3584 56 32 97.60
13/08/2004 3583 56 32 97.60
14/08/2004 3583 56 32 97.60
15/08/2004 3583 59 29 97.60
22/11/2004 3695 0 0 100.00
23/11/2004 3695 0 0 100.00
24/11/2004 3695 0 0 100.00
25/11/2004 3695 0 0 100.00
26/11/2004 3695 0 0 100.00
27/11/2004 3695 0 0 100.00
28/11/2004 3695 0 0 100.00
29/11/2004 3695 0 0 100.00
30/11/2004 3695 0 0 100.00
01/12/2004 3695 0 0 100.00
02/12/2004 3695 0 0 100.00
03/12/2004 3694 0 0 100.00
04/12/2004 3694 0 0 100.00
05/12/2004 3694 0 0 100.00
06/12/2004 3694 0 0 100.00
07/12/2004 3694 0 0 100.00
08/12/2004 3694 0 0 100.00
09/12/2004 3694 0 0 100.00
10/12/2004 3694 0 0 100.00
11/12/2004 3694 0 0 100.00
12/12/2004 3694 0 0 100.00
13/12/2004 3694 0 0 100.00
14/12/2004 3694 0 0 100.00
15/12/2004 3694 0 0 100.00
16/12/2004 3694 0 0 100.00
17/12/2004 3694 0 0 100.00
18/12/2004 3694 0 0 100.00
19/12/2004 3694 0 0 100.00
20/12/2004 3694 0 0 100.00
21/12/2004 3694 0 0 100.00
22/12/2004 3694 0 0 100.00
23/12/2004 3694 0 0 100.00
24/12/2004 3694 0 0 100.00
25/12/2004 3694 0 0 100.00
26/12/2004 3694 0 0 100.00
27/12/2004 3694 0 0 100.00
28/12/2004 3694 0 0 100.00
29/12/2004 3694 0 0 100.00
30/12/2004 3694 0 0 100.00
31/12/2004 3694 0 0 100.00
01/01/2005 3694 0 0 100.00
02/01/2005 3694 0 0 100.00
03/01/2005 3580 0 0 100.00
04/01/2005 3694 0 0 100.00
05/01/2005 3694 0 0 100.00
06/01/2005 3694 0 0 100.00
07/01/2005 3694 0 0 100.00
08/01/2005 3694 0 0 100.00
09/01/2005 3694 0 0 100.00
10/01/2005 3694 0 0 100.00
11/01/2005 3694 0 0 100.00
12/01/2005 3694 0 0 100.00
13/01/2005 3694 0 0 100.00
14/01/2005 3694 0 0 100.00
15/01/2005 3694 0 0 100.00
16/01/2005 3694 0 0 100.00
17/01/2005 3694 0 0 100.00
18/01/2005 3694 0 0 100.00
19/01/2005 3694 0 0 100.00
20/01/2005 3694 0 0 100.00
21/01/2005 3694 0 0 100.00
22/01/2005 3694 0 0 100.00
23/01/2005 3694 0 0 100.00
24/01/2005 3694 0 0 100.00
25/01/2005 3694 0 0 100.00
26/01/2005 3694 0 0 100.00
27/01/2005 3694 0 0 100.00
28/01/2005 3694 0 0 100.00
29/01/2005 3694 0 0 100.00
30/01/2005 3694 0 0 100.00
31/01/2005 3694 0 0 100.00
01/02/2005 3694 0 0 100.00
02/02/2005 3694 0 0 100.00
03/02/2005 3694 0 0 100.00
04/02/2005 3694 0 0 100.00
05/02/2005 3694 0 0 100.00
06/02/2005 3694 0 0 100.00
07/02/2005 3694 0 0 100.00
08/02/2005 3694 0 0 100.00
09/02/2005 3694 0 0 100.00
10/02/2005 3694 0 0 100.00
11/02/2005 3694 0 0 100.00
12/02/2005 3694 0 0 100.00
13/02/2005 3694 0 0 100.00
14/02/2005 3694 0 0 100.00
15/02/2005 3694 0 0 100.00
16/02/2005 3694 0 0 100.00
17/02/2005 3694 0 0 100.00
18/02/2005 3694 0 0 100.00
19/02/2005 3694 0 0 100.00
20/02/2005 3694 0 0 100.00
21/02/2005 3694 0 0 100.00
22/02/2005 3694 0 0 100.00
23/02/2005 3694 0 0 100.00
24/02/2005 3694 0 0 100.00
25/02/2005 3694 0 0 100.00
26/02/2005 3694 0 0 100.00
27/02/2005 3694 0 0 100.00
28/02/2005 3694 0 0 100.00
01/03/2005 3694 0 0 100.00
02/03/2005 3694 0 0 100.00
03/03/2005 3694 0 0 100.00
04/03/2005 3694 0 0 100.00
05/03/2005 3694 0 0 100.00
06/03/2005 3694 0 0 100.00
07/03/2005 3694 0 0 100.00
08/03/2005 3694 0 0 100.00
09/03/2005 3694 0 0 100.00
10/03/2005 3694 0 0 100.00
11/03/2005 3694 0 0 100.00
12/03/2005 3694 0 0 100.00
13/03/2005 3694 0 0 100.00
14/03/2005 3694 0 0 100.00
15/03/2005 3694 0 0 100.00
16/03/2005 3694 0 0 100.00
17/03/2005 3694 0 0 100.00
18/03/2005 3694 0 0 100.00
19/03/2005 3694 0 0 100.00
20/03/2005 3694 0 0 100.00
21/03/2005 3694 0 0 100.00
22/03/2005 3694 0 0 100.00
23/03/2005 3694 0 0 100.00
24/03/2005 3694 0 0 100.00
25/03/2005 3694 0 0 100.00
26/03/2005 3694 0 0 100.00
